0.0804422164008742 0.06637250693191467
0.015345908821842938 0.012661839581576122
0.031027513350384343 0.025600660164133412
0.03967046609020289 0.032731921164912886
0.12496014535434441 0.10310404766090153
0.023329271127282197 0.019248875514514378
0.01949922124075072 0.016088718770739887
0.05437280009204764 0.04486275008924074
0.07286619860331199 0.060121569099978664
0.0016099907088363413 0.0013283960122386306
0.006572302385757567 0.005422776810169949
0.041338829498822956 0.03410848022628635
0.02542837027004644 0.02098083267130875
0.07095949756488905 0.058548358744123286
0.07592876339015997 0.06264847737823312
0.020219923887899973 0.016683367247422625
0.0010753642129832264 0.0008872781217871378
0.06131304014503403 0.05058911059540135
0.06547646768881409 0.054024335728097506
0.09250682086050632 0.07632695720634841
0.027143305399432584 0.02239581784769592
0.009961712145040776 0.008219363388814733
0.018786947864328357 0.015501025247000807
0.0019890971597783017 0.001641195020879638
0.01722416107156261 0.01421157697124666
0.0009516646650660886 0.0007852141873389602
 0.1749045476176939